3382
0	1
2	3
2	4
5	6
7	6
8	9
8	10
11	12
13	14
15	16
15	17
18	17
18	19
20	21
20	22
20	23
20	24
20	25
20	26
20	27
20	28
20	29
20	30
20	31
20	32
22	33
34	35
36	23
37	38
39	40
41	42
43	44
43	45
43	46
43	47
43	48
46	49
50	51
52	53
52	54
52	55
52	56
52	57
52	58
52	59
52	60
52	61
52	62
53	56
53	59
54	55
56	53
56	60
57	61
57	62
58	54
59	53
59	56
60	57
60	59
61	57
61	58
62	55
63	64
63	65
66	67
66	68
66	69
66	70
66	71
66	72
66	73
66	74
66	75
66	76
77	21
78	79
78	80
78	81
78	82
78	83
78	84
78	85
86	87
88	89
90	91
92	93
94	95
94	96
97	98
97	99
97	100
97	101
97	102
97	103
97	104
97	105
97	106
97	107
97	108
97	109
97	110
97	111
100	112
100	113
101	113
101	114
102	114
104	108
104	111
107	113
107	114
108	114
109	113
111	115
116	117
118	119
120	61
120	121
120	122
120	123
123	120
124	121
124	122
124	123
125	122
125	126
127	126
128	129
129	128
130	131
132	118
133	56
134	126
135	126
135	131
135	136
137	123
137	138
139	140
141	142
143	144
143	145
146	147
148	119
148	149
150	151
152	153
152	154
155	156
157	158
159	160
161	162
162	163
162	164
162	165
162	166
162	167
162	168
169	170
171	172
171	173
171	174
171	175
171	176
171	177
171	178
179	180
179	181
179	182
179	183
179	184
179	185
179	186
179	187
179	188
185	179
185	182
185	184
185	187
185	188
189	190
189	191
189	192
189	193
189	194
189	195
189	196
189	197
190	52
190	110
198	199
198	200
199	198
199	200
199	202
199	203
199	204
201	199
201	202
202	205
205	198
205	199
205	201
205	202
205	206
205	207
205	208
205	209
205	210
205	211
205	212
205	213
208	215
210	214
212	206
216	52
216	118
216	147
216	217
216	218
216	219
216	220
216	221
216	222
216	223
216	224
216	225
216	226
218	128
218	227
220	128
224	227
228	129
228	220
229	230
231	232
233	234
235	236
237	238
238	237
239	240
241	242
243	242
243	244
245	246
247	248
247	249
247	250
247	251
247	252
247	253
247	254
247	255
255	234
255	256
257	258
259	260
259	261
259	262
259	263
259	264
259	265
266	267
266	268
267	268
267	272
267	274
267	275
268	266
268	270
268	271
268	273
269	266
269	267
269	268
269	270
269	271
269	272
269	273
269	274
269	275
270	271
270	272
270	273
271	270
271	272
271	274
272	266
272	267
272	268
272	269
272	270
272	271
272	273
272	274
272	275
273	269
273	270
273	271
273	272
274	266
274	269
274	270
274	271
274	275
275	272
275	274
276	277
276	278
276	279
276	280
276	281
282	135
282	283
282	284
285	286
287	288
287	289
290	162
290	291
290	292
293	294
295	296
297	293
297	298
297	299
297	300
297	301
297	302
297	303
297	304
297	305
297	306
297	307
304	307
308	143
309	121
310	311
312	125
313	314
314	315
316	317
316	318
316	319
316	320
316	321
316	322
316	323
316	324
316	325
316	326
316	327
316	328
316	329
316	330
316	331
316	332
316	333
316	334
321	335
324	326
324	336
328	338
328	339
334	337
340	341
340	342
343	344
343	345
346	347
346	348
346	349
346	350
346	351
346	352
346	353
346	354
346	355
346	356
346	357
346	358
346	359
357	34
359	116
360	340
360	341
360	342
360	343
360	361
360	362
360	363
360	364
360	365
366	367
368	367
369	370
371	372
373	374
375	376
377	378
377	379
377	380
377	381
382	383
382	384
383	779
385	381
385	386
385	387
385	388
386	453
386	506
386	507
386	518
386	544
386	571
386	577
386	578
386	579
387	502
389	380
389	381
389	390
389	391
390	395
392	393
393	822
394	395
394	396
397	398
397	399
397	400
399	636
401	402
403	404
403	405
403	406
405	544
405	665
405	681
405	684
405	686
407	408
407	409
407	410
407	411
407	412
407	413
407	414
412	678
412	682
412	807
412	808
415	416
416	816
417	418
417	419
418	396
418	419
418	491
418	546
419	510
420	380
421	422
421	423
421	424
422	470
422	551
422	631
422	682
422	835
425	426
426	431
426	763
427	428
429	430
429	431
429	432
429	433
429	434
430	502
430	590
430	591
432	502
435	400
435	426
435	428
435	436
435	437
435	438
435	439
435	440
437	444
439	396
439	400
439	619
439	697
439	763
439	784
439	826
440	400
440	442
440	733
441	436
441	442
441	443
441	444
441	445
441	446
441	447
444	444
446	443
446	455
446	559
446	664
446	675
446	681
446	687
446	804
446	805
447	455
447	675
447	677
448	449
448	450
448	451
451	496
451	527
451	684
452	453
452	454
452	455
454	649
456	457
456	458
457	560
457	561
457	562
457	563
458	664
459	460
459	461
459	462
459	463
461	430
461	451
461	564
461	699
461	789
461	817
461	828
461	854
461	855
461	856
462	450
462	451
462	708
462	777
462	782
462	791
462	797
462	828
462	867
462	868
462	869
462	870
462	871
464	465
466	402
467	392
467	424
467	468
468	442
469	400
469	470
469	471
469	472
469	473
469	474
469	475
469	476
470	455
470	625
470	687
473	471
474	430
474	470
475	430
475	470
475	740
475	761
476	430
476	433
476	434
476	478
476	763
476	862
477	383
477	431
477	454
477	478
477	479
479	378
480	481
480	482
483	484
484	600
484	684
484	747
485	380
486	487
488	489
488	490
488	491
491	581
492	493
494	402
494	495
495	521
495	580
496	497
496	498
499	500
501	502
503	504
503	505
506	507
508	509
511	512
513	514
515	515
516	517
518	519
520	521
520	522
523	524
523	525
523	526
527	524
528	529
528	530
531	532
533	498
533	534
535	536
537	525
537	538
537	539
540	503
541	542
543	544
543	545
546	547
548	549
550	549
550	551
550	552
553	524
554	555
554	556
554	557
558	559
564	559
564	565
566	567
568	569
570	571
572	500
572	515
572	539
572	573
572	574
572	575
572	576
582	583
584	585
586	587
588	589
592	561
592	593
592	594
592	595
592	596
592	597
592	598
592	599
600	502
601	501
601	502
601	602
601	603
604	605
606	607
606	608
606	609
610	611
612	613
612	614
612	615
616	617
618	500
618	515
618	558
618	572
618	573
618	576
618	619
618	620
621	489
621	622
621	623
624	455
624	507
624	526
624	544
624	579
624	581
624	625
624	626
624	627
624	628
624	629
624	630
624	631
624	632
624	633
624	634
624	635
624	636
624	637
624	638
624	639
640	495
640	641
640	642
640	643
640	644
645	559
646	442
647	524
647	648
649	650
651	386
651	588
651	643
651	652
651	653
651	654
655	516
655	569
655	580
655	656
657	523
658	491
658	568
658	582
658	641
658	643
658	659
658	660
658	661
662	635
662	663
664	453
664	455
664	535
664	546
664	636
664	641
664	665
666	613
667	668
667	669
670	671
670	672
673	674
675	455
675	543
675	630
675	636
675	643
675	676
675	677
675	678
675	679
675	680
681	544
681	559
681	636
682	455
682	543
682	559
682	677
682	678
683	490
684	496
684	522
684	525
684	527
684	634
684	685
684	686
688	636
689	690
691	692
693	399
693	645
694	402
695	696
697	402
697	515
697	655
697	660
697	685
698	402
699	569
700	489
700	701
702	573
702	648
702	703
704	472
705	706
707	588
708	419
708	495
708	516
708	580
708	709
708	710
711	696
711	701
711	712
711	713
711	714
711	715
716	387
716	430
716	519
716	658
716	717
716	718
716	719
716	720
721	722
721	723
721	724
725	516
725	559
725	580
725	726
725	727
728	519
728	729
728	730
731	693
732	399
732	519
732	639
732	645
732	693
733	387
733	616
733	734
733	735
733	736
733	737
733	738
739	569
739	644
739	699
740	741
742	472
742	743
742	744
745	395
745	746
747	430
747	748
747	749
747	750
747	751
747	752
753	754
755	430
755	436
755	502
755	515
755	542
755	627
755	740
755	741
756	478
756	495
756	516
756	559
756	580
756	678
756	692
756	709
756	725
756	727
756	757
756	758
759	543
760	515
760	627
760	755
761	678
762	430
762	502
762	763
764	395
764	419
764	755
765	766
767	472
767	554
767	557
767	768
769	495
769	646
769	656
769	727
769	739
770	395
771	772
773	763
773	774
775	430
775	436
775	457
775	600
775	675
775	776
777	395
777	515
777	745
777	746
777	755
777	778
780	395
780	436
780	515
780	627
780	745
780	755
780	778
781	782
783	402
783	444
784	659
784	785
786	515
786	542
786	755
786	760
787	542
787	776
788	768
789	378
789	395
789	430
789	745
790	675
790	791
792	793
792	794
795	796
797	699
797	725
798	704
798	747
798	751
798	799
800	724
800	762
800	801
802	613
802	666
802	803
806	444
806	654
806	697
809	767
810	635
810	811
812	700
812	776
812	813
814	395
814	454
815	642
815	643
815	678
817	776
817	791
817	818
819	436
819	502
820	409
820	455
820	470
820	506
820	518
820	543
820	636
820	675
820	677
820	679
820	821
822	482
822	823
824	604
825	404
825	555
825	748
825	767
825	787
827	410
828	398
828	829
830	693
831	378
831	580
831	587
831	761
831	776
831	783
831	832
831	833
834	378
834	399
834	631
834	636
834	645
834	760
834	835
834	836
837	753
838	775
839	678
839	765
839	791
840	465
841	506
841	571
841	578
841	674
841	676
841	776
841	806
841	842
841	843
841	844
841	845
841	846
841	847
841	848
849	850
851	475
852	631
852	698
852	838
852	853
857	749
857	751
857	816
858	600
858	790
858	859
858	860
858	861
863	428
863	430
863	433
863	630
863	828
863	864
865	390
865	395
865	479
865	770
866	853
872	416
873	770
873	789
873	874
875	711
875	712
876	450
877	878
879	862
880	651
881	689
882	439
882	618
882	619
883	383
883	430
883	745
883	773
884	462
884	839
884	885
886	428
887	402
887	444
887	568
887	600
887	619
887	783
887	808
887	818
888	826
889	455
889	675
889	677
889	682
889	890
891	396
891	479
892	428
892	432
892	591
892	617
892	826
892	893
894	405
894	684
895	380
895	381
895	390
895	642
895	789
895	874
895	896
897	390
897	414
897	874
897	898
897	899
900	384
900	657
900	745
900	780
900	789
900	869
900	874
900	896
900	901
902	380
902	381
902	903
902	904
905	906
905	907
908	909
910	911
912	913
914	915
916	917
916	918
919	920
921	915
921	922
923	924
925	926
927	928
929	915
930	931
932	916
932	933
932	934
932	935
932	936
937	938
939	919
939	921
939	934
939	935
939	940
939	941
939	942
939	943
939	944
939	945
939	946
947	948
949	950
951	952
952	951
953	954
953	955
956	957
958	959
960	961
962	963
964	957
965	966
967	968
967	969
967	970
971	972
973	974
975	976
977	978
979	980
981	982
983	984
985	986
987	988
989	990
991	992
993	966
994	959
995	996
997	998
999	1000
999	1001
999	1002
1003	1004
1005	1006
1005	1007
1008	1009
1010	988
1011	1012
1013	1014
1013	1015
1016	1017
1016	1018
1019	1020
1021	996
1022	1023
1022	1024
1025	1026
1025	1027
1028	1029
1030	1031
1032	1033
1034	1035
1036	1037
1038	966
1039	1040
1041	1042
1043	1040
1044	1044
1045	1044
1046	1047
1048	1049
1050	1051
1052	987
1053	1007
1054	1055
1056	1057
1056	1058
1056	1059
1060	956
1061	1062
1063	1040
1064	959
1064	1065
1066	1064
1066	1067
1068	953
1068	955
1069	1070
1071	1072
1073	1015
1074	1075
1074	1076
1077	1078
1079	1080
1081	1076
1082	1083
1084	1026
1085	1086
1087	281
1087	1088
1089	995
1089	996
1090	1033
1090	1091
1092	995
1092	996
1092	1021
1093	1094
1093	1095
1096	1097
1098	1099
1100	1044
1100	1045
1101	981
1102	1103
1104	1105
1106	1107
1108	1109
1110	1111
1110	1112
1110	1113
1114	1115
1116	1093
1116	1094
1116	1095
1116	1117
1118	1119
1120	1121
1122	996
1122	1021
1123	1124
1123	1125
1123	1126
1127	1004
1127	1128
1129	957
1129	964
1129	1130
1131	990
1131	996
1132	1133
1134	1135
1136	1137
1137	1136
1138	1117
1139	963
1139	1140
1141	1142
1143	1144
1145	1146
1147	1148
1149	1047
1149	1150
1149	1151
1149	1152
1153	1154
1153	1155
1156	1157
1158	1033
1159	1160
1159	1161
1159	1162
1163	961
1163	1154
1163	1164
1163	1165
1166	1029
1167	967
1168	1169
1170	967
1171	281
1171	1061
1172	1105
1172	1173
1172	1174
1175	968
1176	1031
1176	1177
1178	1179
1180	1181
1182	1182
1183	1182
1184	1001
1185	1186
1187	1004
1188	979
1189	1190
1191	1192
1193	1194
1195	1196
1197	1198
1199	972
1200	1201
1202	1203
1204	1078
1205	1206
1207	1000
1207	1001
1207	1157
1208	1209
1210	1211
1212	990
1212	996
1212	1021
1213	1131
1213	1212
1214	1040
1214	1043
1214	1063
1215	975
1215	1216
1215	1217
1218	1113
1219	1070
1220	1169
1220	1221
1222	1223
1224	1225
1226	1037
1226	1146
1227	1228
1229	1230
1231	1000
1232	1233
1234	1154
1234	1155
1235	1236
1237	281
1237	1238
1237	1239
1240	1241
1242	1243
1244	1245
1246	1046
1246	1047
1246	1150
1247	976
1247	1248
1249	1250
1251	1252
1253	1172
1254	1076
1254	1084
1255	1029
1256	1012
1256	1113
1256	1218
1257	1107
1257	1258
1259	1260
1261	1262
1261	1263
1264	1037
1264	1196
1265	1266
1267	1260
1268	963
1268	1269
1268	1270
1271	1041
1271	1042
1272	1043
1273	1202
1274	1046
1274	1047
1274	1150
1275	1276
1277	1278
1279	1020
1279	1078
1279	1280
1281	985
1282	1129
1282	1130
1283	984
1284	1285
1286	1169
1287	1288
1289	1290
1289	1291
1292	1293
1294	1113
1295	1092
1295	1131
1295	1213
1296	1297
1296	1298
1299	1300
1299	1301
1302	1303
1304	1305
1306	963
1306	1029
1306	1166
1307	1308
1309	1310
1311	1054
1311	1312
1313	978
1313	1094
1313	1314
1315	1316
1317	1318
1319	1320
1321	1322
1321	1323
1324	1077
1325	1326
1327	1328
1329	1227
1329	1228
1330	1331
1332	1219
1333	1334
1335	1040
1335	1043
1335	1063
1336	1337
1338	954
1338	955
1338	1102
1338	1103
1339	1131
1339	1340
1341	996
1341	1342
1343	1344
1345	1346
1345	1347
1348	1260
1349	996
1350	971
1350	972
1350	1280
1351	1352
1351	1353
1351	1354
1355	1154
1355	1234
1355	1356
1357	1358
1359	1022
1359	1023
1359	1024
1360	1026
1360	1361
1360	1362
1363	1364
1365	1288
1366	1132
1366	1367
1368	1369
1370	1199
1370	1280
1370	1293
1370	1371
1372	1276
1372	1373
1374	1375
1374	1376
1377	1378
1379	1380
1381	1013
1381	1382
1381	1383
1384	1385
1386	1387
1388	1195
1388	1389
1388	1390
1388	1391
1392	978
1392	1393
1394	1000
1394	1354
1395	1396
1397	1398
1399	1033
1399	1400
1401	983
1402	1403
1404	1198
1405	1406
1407	1408
1409	1208
1409	1258
1410	1235
1410	1236
1411	1166
1411	1306
1411	1412
1413	1207
1413	1306
1414	1005
1415	1090
1415	1273
1415	1416
1417	1418
1419	1420
1421	990
1421	1022
1421	1023
1421	1024
1422	1423
1424	1331
1425	1037
1426	1360
1426	1361
1427	1376
1428	1219
1429	1430
1431	1177
1431	1432
1433	1088
1433	1434
1435	1436
1437	967
1437	1438
1439	1013
1439	1440
1441	1346
1441	1347
1442	1336
1443	1444
1443	1445
1446	1447
1446	1448
1449	1258
1450	1240
1450	1451
1452	1094
1453	1454
1455	1264
1455	1456
1457	1458
1459	1039
1460	1461
1462	1463
1464	1465
1464	1466
1467	1160
1467	1161
1467	1162
1468	1072
1469	1128
1469	1251
1469	1252
1470	1287
1470	1288
1470	1434
1470	1471
1472	1110
1472	1111
1473	1110
1473	1113
1473	1474
1475	1418
1476	979
1476	1188
1476	1477
1478	1190
1478	1479
1478	1480
1481	1071
1481	1072
1482	1072
1482	1468
1483	1049
1484	1149
1484	1166
1485	991
1486	1054
1486	1311
1486	1312
1486	1487
1488	1434
1488	1489
1490	1110
1490	1218
1491	1023
1492	1077
1492	1324
1492	1493
1494	1157
1494	1207
1494	1276
1494	1372
1494	1373
1495	1333
1495	1496
1497	1091
1498	1269
1498	1296
1498	1499
1500	1077
1500	1501
1502	1503
1504	1505
1506	1194
1506	1507
1508	1296
1508	1297
1509	1330
1510	1333
1510	1334
1511	1453
1512	996
1512	1092
1512	1131
1512	1213
1512	1295
1513	1514
1515	1516
1517	1348
1517	1518
1519	1234
1520	1521
1522	1523
1522	1524
1525	1343
1526	1231
1526	1235
1526	1527
1528	1005
1528	1529
1530	1531
1530	1532
1533	1039
1533	1534
1535	996
1535	1295
1535	1505
1536	1537
1536	1538
1539	1291
1540	1541
1542	1194
1542	1506
1542	1507
1543	1350
1544	1545
1546	1312
1547	1000
1548	1110
1548	1474
1549	1296
1549	1420
1550	1551
1552	1407
1553	1093
1553	1116
1554	1555
1556	1000
1556	1002
1557	1000
1557	1351
1557	1352
1557	1354
1557	1394
1558	1241
1558	1559
1560	1541
1561	1160
1561	1161
1561	1562
1563	996
1563	1089
1564	1565
1566	1026
1566	1046
1566	1047
1566	1150
1566	1333
1566	1334
1566	1360
1566	1567
1568	1569
1570	1571
1572	1478
1573	1574
1575	1378
1576	1071
1576	1072
1576	1481
1576	1482
1577	989
1577	990
1578	1345
1578	1441
1579	1226
1579	1269
1579	1580
1581	1582
1583	1040
1583	1043
1583	1063
1583	1214
1583	1335
1584	1166
1585	1240
1586	1587
1588	1449
1588	1527
1589	1289
1590	1395
1590	1396
1590	1591
1592	1283
1593	1594
1595	990
1596	1005
1597	987
1597	1348
1598	1029
1598	1166
1599	1600
1601	1470
1601	1488
1601	1602
1601	1603
1604	1199
1604	1350
1604	1429
1605	1538
1606	1012
1606	1539
1607	1071
1607	1072
1607	1482
1608	1609
1610	1611
1612	1613
1614	1552
1614	1615
1614	1616
1614	1617
1618	1548
1618	1619
1618	1620
1618	1621
1622	1623
1624	1042
1624	1272
1624	1625
1626	1627
1628	1107
1628	1258
1629	1355
1629	1630
1629	1631
1629	1632
1633	1549
1634	1389
1635	1564
1635	1636
1637	1599
1638	1544
1638	1545
1639	990
1639	1577
1639	1640
1641	1592
1642	1231
1642	1235
1642	1643
1644	1433
1644	1434
1644	1645
1646	1543
1646	1554
1647	1488
1648	1649
1648	1650
1651	1652
1653	1086
1654	1655
1656	1657
1658	1194
1659	1317
1659	1395
1659	1396
1659	1565
1659	1590
1659	1591
1659	1660
1659	1661
1662	1287
1662	1288
1662	1470
1662	1663
1664	1663
1664	1665
1666	986
1666	1667
1666	1668
1669	1529
1670	1663
1671	964
1672	1673
1674	1012
1674	1013
1674	1194
1674	1507
1675	1560
1675	1676
1677	1522
1678	1679
1680	1036
1680	1037
1681	1682
1683	1684
1685	1355
1685	1388
1685	1632
1685	1686
1687	1072
1687	1468
1687	1481
1687	1482
1688	1372
1688	1373
1689	1690
1691	1549
1691	1605
1692	1546
1692	1693
1694	1553
1695	1620
1695	1696
1695	1697
1698	1699
1700	1701
1700	1702
1703	1071
1703	1482
1703	1576
1703	1607
1704	1132
1704	1222
1704	1705
1704	1706
1707	1544
1707	1708
1709	1539
1709	1710
1711	1565
1712	1446
1713	1630
1713	1632
1713	1634
1714	1556
1715	1279
1715	1584
1715	1626
1715	1705
1715	1716
1717	1718
1719	1506
1720	1578
1720	1599
1720	1721
1720	1722
1720	1723
1724	1725
1726	1039
1726	1042
1726	1320
1726	1727
1726	1728
1726	1729
1730	1731
1732	1089
1732	1133
1732	1579
1732	1580
1733	1646
1733	1734
1735	1419
1735	1522
1735	1523
1735	1736
1737	1090
1737	1185
1737	1598
1738	1739
1740	1668
1741	1538
1742	1743
1744	1688
1745	1576
1746	1351
1746	1450
1746	1747
1746	1748
1746	1749
1746	1750
1751	1603
1752	1592
1752	1632
1752	1634
1753	1754
1753	1755
1756	1086
1756	1757
1758	1608
1759	1022
1759	1023
1759	1024
1759	1421
1760	1076
1761	1762
1763	1592
1763	1684
1764	1765
1766	1767
1768	66
1768	76
1769	1723
1769	1770
1771	1648
1772	1047
1772	1433
1772	1434
1772	1566
1772	1644
1772	1645
1773	1433
1773	1434
1773	1644
1774	1775
1774	1776
1777	1344
1777	1355
1778	1779
1780	1289
1781	1205
1782	1783
1784	1206
1785	1588
1786	1449
1786	1787
1788	1509
1788	1789
1790	1010
1790	1522
1791	1792
1793	1794
1795	1010
1795	1386
1796	1694
1797	1464
1797	1465
1797	1466
1797	1565
1797	1798
1797	1799
1797	1800
1801	1373
1802	1592
1803	1355
1803	1388
1803	1630
1803	1634
1804	1614
1804	1805
1806	1401
1806	1634
1806	1730
1806	1807
1808	1692
1808	1738
1808	1739
1809	1809
1810	1811
1812	1809
1813	1632
1813	1634
1813	1700
1813	1713
1814	1815
1816	1817
1818	1819
1820	1523
1821	1333
1821	1551
1822	1823
1822	1824
1825	1776
1826	1827
1828	1107
1828	1257
1828	1258
1828	1409
1829	1830
1831	1355
1831	1832
1833	1682
1833	1834
1835	1339
1836	1692
1836	1790
1837	1838
1837	1839
1840	1694
1841	1287
1841	1288
1841	1365
1841	1470
1841	1471
1842	1271
1842	1843
1844	1516
1844	1845
1844	1846
1847	1848
1849	1518
1850	1548
1850	1619
1850	1758
1850	1851
1850	1852
1853	1030
1853	1198
1854	1788
1855	1683
1855	1684
1855	1807
1856	1000
1856	1234
1856	1343
1856	1344
1856	1519
1856	1525
1856	1632
1856	1685
1856	1817
1857	956
1857	1060
1857	1290
1858	1446
1858	1712
1859	957
1859	1129
1860	1473
1861	1289
1862	1287
1862	1288
1862	1662
1863	1864
1863	1865
1866	1867
1868	1869
1870	1871
1872	1873
1872	1874
1875	1876
1875	1877
1875	1878
1879	1880
1881	1882
1881	1883
1884	1885
1884	1886
1884	1887
1884	1888
1884	1889
1884	1890
1891	1892
1891	1893
1891	1894
1895	1896
1895	1897
1895	1898
1895	1899
1900	1901
1900	1902
1903	1904
1905	1906
1907	1906
1908	1909
1910	1911
1910	1912
1910	1913
1910	1914
1910	1915
1916	1917
1916	1918
1916	1919
1920	1921
1922	1923
1924	1925
1924	1926
1927	1928
1929	1930
1931	1932
1933	1934
1935	1936
1935	1937
1938	1939
1938	1940
1941	1942
1941	1943
1941	1944
1941	1945
1941	1946
1941	1947
1948	1949
1948	1950
1951	1952
1953	1891
1954	1955
1956	1957
1956	1958
1959	1960
1959	1961
1959	1962
1959	1963
1959	1964
1959	1965
1959	1966
1959	1967
1968	1969
1970	1971
1972	1973
1974	1973
1975	1976
1975	1977
1978	1900
1979	1980
1979	1981
1979	1982
1983	1984
1985	1986
1987	1988
1989	1990
1991	1973
1991	1974
1992	1990
1993	1994
1995	1996
1997	1998
1997	1999
2000	1923
2000	2001
2002	2003
2002	2004
2002	2005
2002	2006
2002	2007
2008	2009
2008	2010
2011	2012
2013	2014
2013	2015
2013	2016
2013	2017
2013	2018
2019	2020
2021	2022
2023	1896
2023	1897
2023	1898
2023	2024
2023	2025
2026	2027
2028	2029
2030	2031
2032	2033
2034	2035
2036	2020
2037	2038
2039	1884
2039	1886
2039	1887
2039	1888
2039	1889
2039	1890
2040	2028
2041	2028
2042	1997
2043	1929
2043	1930
2043	2044
2045	1917
2045	2046
2045	2047
2048	2049
2048	2050
2051	1927
2051	1928
2052	1870
2053	1922
2053	2054
2055	1929
2056	1929
2057	1968
2057	2058
2059	2027
2059	2060
2059	2061
2062	2063
2064	2065
2064	2066
2064	2067
2064	2068
2064	2069
2070	2071
2070	2072
2073	2026
2074	2021
2075	2076
2075	2077
2078	2079
2078	2080
2078	2081
2078	2082
2083	2084
2083	2085
2083	2086
2087	1959
2088	2089
2090	2091
2090	2092
2093	1923
2093	2094
2093	2095
2096	2020
2096	2036
2097	2046
2097	2047
2098	2073
2099	2100
2101	2102
2101	2103
2104	1931
2104	1932
2105	2106
2105	2107
2105	2108
2109	1954
2109	1955
2110	2002
2111	2112
2113	2037
2113	2114
2113	2115
2116	2117
2118	2119
2118	2120
2118	2121
2118	2122
2118	2123
2118	2124
2118	2125
2126	1997
2126	1998
2126	1999
2127	2128
2129	2130
2131	2132
2133	2134
2135	2136
2135	2137
2138	2139
2138	2140
2138	2141
2138	2142
2138	2143
2138	2144
2145	2146
2147	2148
2149	2150
2151	1930
2152	2153
2154	2155
2156	2157
2156	2158
2156	2159
2160	2049
2160	2161
2160	2162
2163	2164
2165	2000
2166	2167
2166	2168
2166	2169
2166	2170
2166	2171
2166	2172
2166	2173
2166	2174
2175	1994
2175	2176
2177	2178
2179	2180
2179	2181
2182	2113
2183	2184
2183	2185
2183	2186
2183	2187
2183	2188
2189	2006
2189	2190
2189	2191
2189	2192
2189	2193
2194	2195
2196	2151
2197	2198
2199	2200
2201	2202
2203	1913
2203	2038
2203	2067
2204	2205
2204	2206
2207	2208
2207	2209
2207	2210
2207	2211
2212	2213
2212	2214
2215	2216
2217	2218
2217	2219
2217	2220
2217	2221
2222	2223
2224	2225
2224	2226
2227	2228
2229	2230
2231	2232
2233	1882
2233	2234
2233	2235
2236	2237
2236	2238
2236	2239
2236	2240
2241	2242
2243	2244
2245	2246
2247	2248
2249	1941
2250	2251
2252	1988
2253	1931
2253	1932
2253	2254
2255	2204
2255	2256
2255	2257
2258	2259
2260	2261
2262	2261
2263	2264
2263	2265
2266	2267
2268	2269
2268	2270
2271	2272
2273	2274
2275	2276
2277	2278
2279	2280
2281	2282
2283	2284
2285	1941
2285	1943
2286	2287
2288	2289
2290	2291
2292	2293
2294	1891
2294	2295
2294	2296
2294	2297
2298	2299
2300	2301
2300	2302
2300	2303
2300	2304
2305	2306
2307	2308
2309	2310
2311	2274
2311	2312
2311	2313
2311	2314
2311	2315
2311	2316
2317	2318
2319	2320
2321	2322
2321	2323
2324	2325
2324	2326
2324	2327
2328	2036
2329	1946
2329	1947
2329	2330
2329	2331
2329	2332
2333	1903
2334	2041
2335	2336
2335	2337
2338	2339
2340	2341
2342	2343
2343	2342
2344	2345
2346	2347
2348	2349
2350	2183
2351	2352
2353	2354
2353	2355
2353	2356
2357	2299
2358	2359
2360	2321
2361	2037
2361	2113
2361	2362
2361	2363
2364	2365
2366	2367
2368	2369
2368	2370
2368	2371
2368	2372
2368	2373
2374	2375
2374	2376
2374	2377
2378	2259
2379	2380
2381	2382
2381	2383
2384	2377
2384	2385
2386	2387
2386	2388
2386	2389
2386	2390
2386	2391
2386	2392
2393	2394
2395	2396
2397	2398
2399	2400
2399	2401
2399	2402
2399	2403
2404	2405
2406	2407
2408	2361
2409	2204
2410	2411
2410	2412
2410	2413
2410	2414
2415	2416
2417	2418
2419	2420
2419	2421
2419	2422
2419	2423
2419	2424
2425	2407
2425	2426
2427	2357
2428	2429
2430	2431
2432	1904
2432	2433
2434	2166
2435	2436
2435	2437
2438	2439
2438	2440
2441	2442
2441	2443
2444	2380
2445	2446
2447	2448
2449	2361
2449	2408
2449	2450
2451	2452
2451	2453
2454	1915
2454	2455
2454	2456
2457	2026
2457	2098
2457	2280
2457	2458
2459	2460
2461	2299
2461	2357
2462	2463
2464	2380
2464	2465
2466	2434
2467	2468
2469	2470
2471	2472
2473	2339
2474	1896
2474	1897
2474	2475
2476	1896
2476	1897
2476	1898
2476	2477
2478	2317
2479	2480
2481	2263
2482	2462
2483	2484
2485	2486
2487	2416
2487	2488
2489	2490
2491	1916
2491	2492
2491	2493
2491	2494
2491	2495
2491	2496
2497	2118
2498	2133
2498	2134
2499	2344
2500	2501
2502	2503
2504	1948
2504	1949
2504	1950
2505	2506
2507	2508
2509	2510
2509	2511
2512	2097
2512	2513
2512	2514
2512	2515
2516	1916
2516	2492
2516	2517
2518	2519
2520	2028
2520	2040
2520	2041
2520	2306
2520	2334
2520	2521
2520	2522
2523	2524
2523	2525
2526	2527
2526	2528
2529	2194
2529	2195
2530	2226
2530	2531
2532	2226
2533	2534
2533	2535
2536	2537
2538	2345
2539	2448
2539	2540
2541	1928
2541	2542
2541	2543
2544	2545
2546	2547
2548	1983
2548	2149
2548	2549
2548	2550
2548	2551
2552	2553
2552	2554
2555	2556
2557	2027
2558	2559
2558	2560
2561	2229
2561	2230
2562	2088
2563	2564
2565	2113
2566	2234
2566	2567
2566	2568
2569	2570
2571	2572
2573	2545
2574	2575
2574	2576
2577	2578
2577	2579
2577	2580
2581	2582
2583	2584
2585	2293
2586	2587
2586	2588
2589	2590
2589	2591
2589	2592
2593	2594
2595	2596
2597	2598
2597	2599
2597	2600
2597	2601
2597	2602
2603	2008
2603	2009
2603	2010
2604	2021
2604	2605
2606	2607
2608	2609
2610	2546
2610	2547
2611	2612
2611	2613
2611	2614
2615	2616
2617	2183
2617	2565
2618	2619
2620	2621
2622	2208
2622	2209
2623	2136
2623	2137
2623	2624
2625	2626
2625	2627
2625	2628
2629	1917
2629	2336
2629	2492
2629	2493
2629	2494
2629	2495
2629	2630
2629	2631
2629	2632
2629	2633
2634	2419
2634	2635
2636	1908
2637	2597
2637	2638
2639	2603
2640	2641
2642	2643
2644	1941
2645	1927
2645	1928
2645	2646
2645	2647
2645	2648
2645	2649
2645	2650
2651	2550
2651	2652
2651	2653
2654	2513
2655	1916
2655	1917
2655	2492
2655	2494
2655	2632
2656	2657
2656	2658
2659	1891
2659	1953
2659	2295
2659	2660
2661	2662
2661	2663
2664	2665
2664	2666
2664	2667
2668	2183
2668	2186
2669	2101
2670	2671
2672	2673
2672	2674
2675	2245
2675	2246
2675	2399
2675	2400
2675	2423
2675	2424
2675	2676
2677	2678
2679	2680
2681	2682
2681	2683
2684	2457
2685	2686
2687	2513
2687	2654
2688	2689
2690	2163
2691	2692
2693	2694
2693	2695
2696	2529
2697	2698
2699	2185
2699	2438
2700	2277
2701	2245
2701	2246
2702	2106
2703	2171
2704	2391
2704	2392
2705	2706
2707	2629
2708	2709
2708	2710
2711	2625
2712	1882
2712	2713
2712	2714
2712	2715
2716	2717
2716	2718
2716	2719
2720	2721
2720	2722
2723	1895
2723	1898
2723	2477
2724	2725
2726	1972
2726	1973
2726	1974
2726	1991
2726	2183
2726	2187
2726	2727
2728	2687
2729	2640
2729	2641
2730	2611
2731	2732
2733	2734
2735	2021
2736	2737
2738	2739
2740	2101
2740	2741
2740	2742
2743	2681
2744	2565
2744	2617
2745	2726
2745	2746
2747	2748
2749	2619
2750	2558
2751	2558
2752	2659
2753	2659
2754	2755
2754	2756
2757	2712
2757	2758
2757	2759
2757	2760
2761	2188
2761	2745
2762	2763
2764	2765
2766	2298
2766	2461
2766	2767
2768	2304
2768	2769
2768	2770
2768	2771
2768	2772
2768	2773
2768	2774
2768	2775
2768	2776
2777	2778
2777	2779
2777	2780
2777	2781
2777	2782
2777	2783
2777	2784
2777	2785
2777	2786
2777	2787
2788	2789
2788	2790
2791	2409
2791	2721
2791	2792
2793	2726
2793	2744
2793	2745
2794	2723
2795	2234
2795	2235
2795	2339
2795	2473
2795	2796
2797	2183
2797	2726
2797	2745
2797	2761
2798	2416
2799	2800
2799	2801
2799	2802
2799	2803
2799	2804
2799	2805
2799	2806
2799	2807
2799	2808
2799	2809
2810	2811
2812	2813
2812	2814
2812	2815
2812	2816
2817	2726
2818	2819
2820	2736
2820	2821
2822	2183
2822	2726
2822	2797
2823	2824
2823	2825
2826	2342
2827	2678
2827	2828
2827	2829
2830	2377
2830	2831
2832	2692
2833	2834
2835	2375
2836	2837
2836	2838
2836	2839
2836	2840
2836	2841
2836	2842
2843	2344
2843	2345
2843	2844
2843	2845
2846	2584
2846	2847
2846	2848
2846	2849
2846	2850
2846	2851
2846	2852
2846	2853
2846	2854
2846	2855
2846	2856
2846	2857
2846	2858
2846	2859
2846	2860
2846	2861
2846	2862
2846	2863
2846	2864
2865	2325
2866	1962
2866	2000
2866	2867
2866	2868
2869	2870
2871	2872
2873	2769
2873	2874
2875	2572
2876	2877
2878	1915
2878	2454
2878	2455
2878	2456
2878	2879
2880	2881
2880	2882
2880	2883
2880	2884
2885	2307
2885	2308
2886	2887
2888	2889
2888	2890
2888	2891
2892	2283
2892	2284
2893	2894
2895	2896
2897	2715
2898	1958
2898	2226
2899	2900
2901	2902
2903	1909
2904	2866
2904	2905
2906	2907
2908	2909
2910	2183
2910	2617
2910	2726
2910	2817
2911	2912
2913	2914
2915	2508
2915	2544
2915	2545
2915	2916
2915	2917
2918	2919
2918	2920
2921	2771
2922	2712
2923	2702
2924	2105
2924	2106
2924	2108
2925	2493
2926	2028
2926	2927
2928	2005
2929	2641
2930	2329
2931	2380
2931	2464
2931	2465
2931	2635
2931	2932
2933	2934
2935	2936
2935	2937
2935	2938
2939	2624
2939	2940
2941	2942
2943	2311
2944	1941
2944	1946
2944	2374
2944	2386
2944	2770
2944	2771
2944	2945
2944	2946
2947	2384
2947	2948
2949	2950
2951	2952
2951	2953
2954	2955
2956	2957
2958	1944
2958	2950
2959	2960
2961	2640
2961	2641
2962	2963
2962	2964
2962	2965
2962	2966
2967	2968
2969	2546
2969	2547
2969	2610
2969	2970
2971	2972
2973	2194
2973	2195
2974	2975
2974	2976
2977	2941
2977	2942
2978	2979
2978	2980
2981	2319
2982	2298
2982	2983
2982	2984
2982	2985
2986	1987
2987	2947
2988	2947
2989	2933
2990	2319
2991	2699
2992	1896
2992	1898
2992	2475
2992	2993
2992	2994
2995	2996
2997	2998
2997	2999
2997	3000
3001	2771
3002	2325
3002	3003
3002	3004
3005	3006
3007	2991
3008	3009
3010	3011
3012	2479
3012	2480
3013	2733
3013	2788
3013	3014
3015	2358
3016	2380
3016	2464
3016	2465
3016	2931
3016	2932
3017	3018
3019	3020
3021	3020
3022	3023
3024	1943
3024	1945
3024	1946
3024	1947
3024	3025
3024	3026
3027	3028
3029	3030
3029	3031
3029	3032
3029	3033
3029	3034
3035	3036
3037	3038
3039	2666
3040	3041
3042	2644
3043	1930
3043	3044
3043	3045
3046	3023
3047	3048
3049	2640
3049	2961
3050	2566
3050	2918
3050	3051
3052	3053
3054	2226
3054	3055
3056	3057
3058	2239
3058	3059
3058	3060
3058	3061
3058	3062
3058	3063
3064	3065
3066	2277
3066	2282
3066	2384
3066	3067
3068	3069
3070	2788
3070	3071
3072	2377
3072	2831
3073	3074
3075	2518
3075	3076
3075	3077
3075	3078
3075	3079
3075	3080
3081	2451
3081	2452
3081	2453
3081	3082
3081	3083
3084	3085
3086	3087
3088	3089
3089	2121
3090	3091
3090	3092
3093	3008
3094	3095
3096	3010
3097	1941
3097	1944
3097	1947
3097	2557
3097	2644
3098	2038
3098	3099
3100	3101
3100	3102
3103	2123
3103	3104
3105	2147
3106	2686
3106	2840
3106	3107
3106	3108
3106	3109
3106	3110
3106	3111
3106	3112
3106	3113
3114	2505
3115	2808
3116	2038
3116	3099
3117	2771
3117	2865
3117	3118
3119	2716
3120	1962
3121	3122
3123	3018
3124	3125
3124	3126
3127	2216
3128	3037
3129	2697
3129	2698
3130	2991
3130	3007
3130	3041
3130	3131
3130	3132
3133	2234
3133	2568
3133	3134
3133	3135
3136	3137
3138	3139
3140	3141
3142	2755
3143	2133
3143	2134
3144	3145
3146	2005
3147	1950
3148	1971
3149	3150
3151	2226
3152	3153
3154	3155
3156	3157
3158	2771
3158	2921
3158	3159
3160	3161
3162	3163
3162	3164
3165	2377
3165	3166
3165	3167
3165	3168
3165	3169
3170	2163
3170	2164
3170	2690
3171	2082
3171	2634
3171	3172
3173	3174
3173	3175
3173	3176
3177	2920
3178	3179
3178	3180
3181	3182
3183	2500
3183	2501
3183	2576
3184	2508
3184	3185
3186	3165
3187	3165
3188	3189
3190	3180
3191	3180
3192	3193
3192	3194
3195	3196
3195	3197
3195	3198
3199	3200
3199	3201
3199	3202
3203	3204
3203	3205
3203	3206
3203	3207
3203	3208
3203	3209
3210	3211
3212	2036
3212	2292
3212	3213
3214	3215
3216	3217
3218	3219
3220	3221
3222	3223
3224	3225
3226	3226
3227	3228
3229	3230
3229	3231
3229	3232
3233	3234
3233	3235
3236	3237
3238	3239
3240	3241
3240	3242
3240	3243
3240	3244
3245	3246
3247	3248
3249	3250
3251	3252
3253	3254
3253	3255
3256	3257
3258	3259
3260	3261
3262	3263
3264	3263
3265	3266
3265	3267
3268	3269
3270	3271
3272	3273
3274	3275
3276	3277
3278	3279
3280	3281
3282	3283
3284	3285
3286	3287
3288	3289
3290	3291
3292	3293
3294	2216
3295	3296
3297	2216
3298	3299
3300	3301
3302	3303
3304	3305
3306	3307
3308	3309
3308	3310
3311	3312
3313	3314
3315	3316
3315	3317
3318	3319
3318	3320
3321	3322
3323	3324
3323	3325
3323	3326
3323	3327
3323	3328
3329	3330
3331	3221
3332	3333
3334	3335
3336	3336
3337	3338
3339	3340
3341	3342
3343	3344
3345	3346
3347	3348
3349	3350
3351	3352
3351	3353
3351	3354
3351	3355
3356	281
3356	3357
3356	3358
3356	3359
3360	3361
3360	3362
3360	3363
3360	3364
3360	3365
3360	3366
3360	3367
3360	3368
3360	3369
3360	3370
3360	3371
3360	3372
3360	3373
3360	3374
3360	3375
3360	3376
3377	3378
3377	3379
3377	3380
3377	3381
